500
2993 961
1025 1002
2439 1203
1652 2267
4524 1625
1869 2689
588 114
1911 4630
3920 3430
285 600
2281 1450
1827 4380
3141 3605
4261 1507
1991 89
3917 4092
315 2628
1587 3747
3474 1127
3520 4280
723 2862
3211 91
1012 2058
488 2983
2223 972
150 1812
1975 3195
160 4753
3797 4119
3870 2601
4030 1967
4405 1742
1496 3968
324 3508
2053 2070
696 3647
2318 3304
755 671
1828 959
1976 915
1739 1536
530 4524
2929 4419
1149 2883
1317 1738
461 4646
2299 2245
2982 1943
3255 1574
972 4389
327 481
716 407
2982 1302
3843 3302
3159 1889
1693 4562
1823 122
192 32
3654 3705
1090 3659
4998 4068
2025 1785
4661 3445
4042 2063
880 1621
635 4879
3705 1542
333 2064
4331 2559
1348 4631
610 4816
3641 4221
2001 4617
1274 2945
3686 607
2192 4432
2704 2143
3849 3706
2772 1821
3959 3095
372 3711
1482 705
850 4173
2745 2515
4316 132
2742 691
1352 2284
3803 4884
1977 3031
1511 647
3586 643
1413 3410
779 1577
1823 1714
1010 2902
559 1262
4603 4258
743 1443
4219 1032
370 2583
3833 2197
329 1984
3039 2805
2378 3469
2792 3490
935 2136
2170 3606
1627 4034
1901 3643
202 4351
3076 416
1417 4180
1084 2567
4555 4446
2291 3509
4838 3324
3420 2586
2014 632
2119 858
1016 1058
1197 1475
178 1422
2581 791
2689 4439
1697 3660
2770 1244
3701 131
2253 4161
2504 830
815 3145
4035 2269
1999 1651
3250 1947
3531 1531
3833 2428
2812 3962
282 2585
472 288
3452 1696
4206 1385
2661 3142
2215 326
331 1014
1307 3214
3423 823
3553 3748
2747 1712
1380 2475
3142 1583
682 119
3909 3
614 1582
1612 310
881 4903
3902 2319
1164 4097
1929 415
217 79
4742 1307
2731 4738
3576 4441
1867 1312
4442 4438
2260 4332
3085 2383
401 686
1866 2575
414 1853
2557 2721
533 1442
148 702
3834 1494
4583 1696
664 62
1967 216
429 1830
1803 1469
451 3132
2233 87
2601 3223
4946 355
1922 296
3249 2335
3492 3567
1733 3545
1924 1625
1125 315
1168 1120
4804 553
3668 2076
294 3454
2521 49
2657 4044
4067 3120
1415 2034
2346 4307
2995 4931
2308 3787
4625 2981
2040 212
1324 3327
382 484
1794 1134
3565 3520
1418 1210
477 2303
1802 3237
271 811
2026 4420
842 733
1613 2392
119 2440
3912 1823
4223 2617
819 247
2467 4973
3689 1035
3531 1900
1443 2409
3411 92
3961 2474
708 1937
4595 4980
231 1300
3741 4973
1200 434
3474 1473
2064 1638
1250 2934
930 3249
447 3070
3163 2961
1364 220
132 1992
2079 4355
1769 239
3305 507
735 482
2803 3909
2634 4557
739 969
3932 535
903 2165
4701 3382
3737 1985
2991 3228
916 1354
1201 3449
3758 1788
1239 728
1735 3691
2224 4750
497 4355
840 2984
3807 3446
4158 1085
1667 4486
664 2661
3827 20
4838 2775
2508 585
2101 641
4586 2042
3406 2635
2151 65
4046 853
2 3106
1502 3579
3457 3723
3597 3341
1554 2984
3469 3316
3742 493
851 1210
967 2630
2963 2922
36 3227
2252 4120
3683 816
4744 4185
3534 1196
2503 1190
1961 2328
1084 1909
3050 2363
4416 457
2706 1723
677 2843
2659 2382
4013 3897
1531 1322
3245 2781
4504 1226
3036 609
3148 4322
473 923
4004 1445
2236 1107
1483 3749
1130 3548
2012 1914
4839 1546
487 2062
2344 3721
451 2057
807 1743
4054 625
138 1547
3737 1549
1877 901
1720 3481
3991 4831
2064 2732
3395 3285
697 104
4321 305
2718 4674
940 4906
4146 139
4780 4166
4326 382
1415 1318
4793 4875
707 337
2431 1283
1800 259
3621 2413
1220 359
859 3792
3966 947
3290 4026
1479 2075
2185 2521
4926 4377
1187 3592
2979 4323
1131 2804
4390 269
3795 1608
2841 1665
457 4869
3659 564
2403 4510
1758 1114
3708 4019
836 629
3439 724
414 4522
3140 4688
3532 1573
673 1566
3380 1263
2891 4357
1116 1252
4901 4863
4802 506
1791 1867
3375 4238
4339 1899
1655 4865
3036 155
4885 1644
1344 300
3148 1935
1880 3295
4632 4728
1621 1941
2174 3986
733 3495
810 3540
2438 2418
1840 3764
1123 4189
237 1483
28 982
1710 2379
4211 4065
897 2150
996 970
923 1065
4876 3350
3393 1545
142 1333
1467 1189
3194 491
1054 1412
2295 783
3418 4736
2242 1635
827 1347
560 3589
867 2512
2240 4965
952 854
2412 312
4193 2288
1545 4444
3887 4113
605 2326
882 726
1753 4040
3962 228
848 743
983 1948
1351 4124
99 3420
812 3593
3358 2121
1235 2726
3266 2001
3863 4012
2096 3981
2639 4059
4178 4527
2866 2311
955 2920
4227 1888
12 357
1032 1282
1897 3091
4287 1697
3603 2304
3386 833
2095 4452
1022 1806
583 3153
2414 3191
3519 911
4085 4257
1234 963
3340 4113
1438 1712
1376 2969
2518 1550
4039 3423
1039 2242
4837 3978
4189 4215
746 4423
902 2452
527 1779
1783 4645
3385 4938
3262 2542
1452 2759
2088 1605
1699 2060
4067 1280
3599 268
391 3031
4319 4160
1433 1483
351 3479
304 375
308 3905
1659 990
3854 2342
274 661
3119 1146
877 1963
2715 4636
4370 1254
1408 4752
4795 2191
401 193
4838 3409
2877 3683
855 4285
1661 600
995 858
1046 3633
4390 1868
4212 3311
3368 930
1752 4146
132 796
491 2314
777 253
1419 3988
484 4709
4765 3736
973 763
1212 4761
1297 513
936 324
376 3511
2427 3925
3336 1045
520 2390
138 2955
445 3304
707 988
2571 1639
1837 1186
11 3610
2751 3795
475 4241
667 2557
4610 594
1199 798
